epoch0 1.300526996035325 0.006967993754879
0.0 0.0 0.0 0.0 0.0 0.0 0.0 0.0 0.06967993754879 0.0 
epoch1 0.7830549108354669 0.21011668453394589
0.15000000000000002 0.13333333333333333 0.1 0.2533465085638999 0.007472826086956522 0.0 0.33160925207579695 0.5046037296037296 0.17080119567574265 0.45 
epoch2 0.621880652088868 0.5218286139833455
0.6336666666666666 0.6333333333333333 0.7269671504965622 0.761559696342305 0.0 0.7 0.1 0.6597402597402597 0.5474634776987718 0.45555555555555555 
epoch3 0.5251470415215743 0.6851689875022392
0.8 0.59375 0.9 0.6875 0.4 0.9818181818181817 0.43111041500872005 0.5128446115288221 0.6446666666666667 0.9 
epoch4 0.44889076163894254 0.721310183091762
0.7271428571428571 0.8567032967032966 0.8 0.8007556770714666 0.716 0.9625 0.08000000000000002 0.89 0.38 1.0 
epoch5 0.39826348314159793 0.8034049977799977
0.8 0.9818181818181817 1.0 0.8153846153846154 0.8818181818181818 1.0 0.08360042735042734 0.9 0.5714285714285714 1.0 
epoch6 0.3355241751984546 0.8940435095757238
1.0 1.0 1.0 0.6 0.9 1.0 0.6979350957572373 0.9 0.8425 1.0 
epoch7 0.31132914361200836 0.8269159437054174
1.0 0.9538461538461538 0.9 0.9 0.9 1.0 0.32531328320802005 0.89 0.4 1.0 
epoch8 0.25312615562426416 0.8918971224853578
0.9 0.9833333333333334 0.990909090909091 0.9 0.9 1.0 0.6018716577540106 0.9 0.7428571428571429 1.0 
epoch9 0.23875765847532374 0.9141255411255411
1.0 1.0 1.0 1.0 0.9833333333333334 1.0 0.5779220779220778 0.89 0.6900000000000001 1.0 
epoch10 0.21903916244444094 0.9184526323349853
0.9 1.0 1.0 1.0 0.9 1.0 0.7550025138260433 0.9 0.7295238095238096 1.0 
epoch11 0.1843071867760859 0.9089242424242425
1.0 0.990909090909091 1.0 1.0 1.0 1.0 0.5750000000000001 0.9 0.6233333333333333 1.0 
epoch12 0.16593757569789885 0.9466729892914104
1.0 0.990909090909091 1.0 1.0 0.9714285714285714 1.0 0.7918922305764411 0.9 0.8125 1.0 
epoch13 0.1799884831434802 0.8846428571428572
1.0 0.7 1.0 1.0 0.9 1.0 0.8064285714285714 0.89 0.5499999999999999 1.0 
epoch14 0.15725124501868298 0.9252575757575757
1.0 1.0 1.0 1.0 0.990909090909091 1.0 0.8116666666666666 0.9666666666666667 0.48333333333333334 1.0 
epoch15 0.1539621559412856 0.9306134654818866
1.0 0.990909090909091 1.0 1.0 0.89 1.0 0.7502255639097745 0.9 0.775 1.0 
epoch16 0.13493679142311998 0.9545415691203167
1.0 1.0 1.0 1.0 0.9833333333333334 1.0 0.892258064516129 0.9 0.7698242933537052 1.0 
epoch17 0.12201319164351414 0.9367175324675324
1.0 0.990909090909091 1.0 1.0 0.990909090909091 1.0 0.742857142857143 0.9 0.7425 1.0 
epoch18 0.11743244681703417 0.8947575757575759
1.0 0.990909090909091 1.0 1.0 0.9 1.0 0.6733333333333335 0.9 0.48333333333333334 1.0 
epoch19 0.11770684126960604 0.9419191984486102
1.0 1.0 1.0 1.0 0.9 1.0 0.6922689075630253 0.9 0.9269230769230768 1.0 
