epoch0 1.3376818968744701 0.05912354998851962
0.28125065990919657 0.0 0.0 0.0 0.0 0.10833333333333334 0.0 0.0 0.0 0.0 0.0 0.0 0.0 0.0006993006993006993 0.0 0.0 0.0 0.36657441371181826 0.0 0.48473684210526313 0.0 
epoch1 0.8958112826488288 0.2041288569517087
0.0 0.4143939393939394 0.0 0.1275 0.0 0.26 0.0 0.4689285714285714 0.3416666666666667 0.26857142857142857 0.0 0.0 0.0 0.0125 0.0 0.4 0.3130718954248366 0.6712308665401645 0.06666666666666667 0.7066233766233766 0.2355525846702317 
epoch2 0.7519087057395522 0.3632011754006732
0.5314285714285714 0.0 0.836010101010101 0.41202020202020206 0.0 0.8191304347826087 0.0 0.6862117452440033 0.21666666666666667 0.4 0.1 0.1905661450924609 0.22857142857142856 0.21316904549509366 0.0 0.3666666666666667 0.3 0.7758730158730158 0.5800000000000001 0.7680944055944056 0.20281625496891278 
epoch3 0.667137476023782 0.40595877445796386
0.2 0.3 1.0 0.6005482456140351 0.0 0.7 0.0 0.275 0.4 0.9 0.21868131868131868 0.5274265619531491 0.05 0.15000000000000002 0.10571895424836603 0.4 0.25833333333333336 0.7973856209150327 0.24553044479643082 0.7527597840755735 0.6437499999999999 
epoch4 0.5693864011999421 0.5153595969944144
0.5 0.8863247863247863 0.8 0.1 0.4 0.990909090909091 0.0 0.6821428571428572 0.6 0.9 0.05 0.27042619542619545 0.2 0.15241422656018933 0.435797373358349 0.4 0.642063492063492 0.7002040816326531 0.5213170525127047 0.8766666666666666 0.7142857142857143 
epoch5 0.4938682159179537 0.6487780261435502
0.89 0.7807017543859649 1.0 0.5299999999999999 0.7352272727272727 1.0 0.32222222222222224 0.6875 0.87 1.0 0.39285714285714285 0.5 0.014285714285714285 0.43543290043290045 0.5229639532580709 0.4714285714285714 0.6124999999999999 0.84 0.7030177187153932 0.8272727272727273 0.4889285714285714 
epoch6 0.46071546572476185 0.6690793525991106
0.7 0.8 0.9 0.74 0.4 0.9769230769230769 0.74 0.6 0.4 1.0 0.3666666666666667 0.7462393162393163 0.7615151132392511 0.4611003861003861 0.2111111111111111 0.5 0.8118055555555556 0.8514041514041513 0.5672316813621161 0.866540404040404 0.6501289419392867 
epoch7 0.41437981890633774 0.7711153612757559
0.9 0.8818181818181818 1.0 0.7666666666666666 0.5 1.0 0.7444444444444445 0.7777777777777778 0.9545454545454544 1.0 0.7749999999999999 0.5114285714285715 0.8175 0.5087558356676004 0.500369659326181 0.5 0.87 0.8099999999999999 0.8776190476190475 0.8649572649572648 0.6325396825396825 
epoch8 0.3641352382639946 0.7611882405756253
0.8 0.6 1.0 0.9555555555555555 0.9 1.0 0.7057416267942583 0.875 0.9636363636363636 1.0 0.36000000000000004 0.7823809523809523 0.6636363636363636 0.5258333333333334 0.5352941176470588 0.6357142857142857 0.7222222222222222 0.8463461538461537 0.6395985708280791 0.8353571428571428 0.6386363636363637 
epoch9 0.33552166540634454 0.7899250575378396
1.0 0.8 1.0 1.0 0.6 1.0 0.9 0.8 0.5 1.0 0.9769230769230769 0.77436318067897 0.5714285714285714 0.5153846153846153 0.5796052631578946 0.5 0.7444444444444445 0.918181818181818 0.8699999999999999 0.8914285714285713 0.6466666666666666 
epoch10 0.31540001348908897 0.7971358862115165
0.8 0.9 1.0 0.8 0.7 1.0 0.9406417112299466 0.8 0.9636363636363636 1.0 0.87 0.8761363636363637 0.42272727272727273 0.4957094017094017 0.5900000000000001 0.48333333333333334 0.7555555555555555 0.9363636363636363 0.7499267399267401 0.8595959595959595 0.7962272727272728 
epoch11 0.29265609801990056 0.8058173886286397
0.8 0.8 1.0 0.9818181818181817 0.7 1.0 0.8865079365079365 0.8 0.86 1.0 0.9 0.8980861244019138 0.7678843226788432 0.5832359307359307 0.6865126050420168 0.6272727272727272 0.755 0.8955555555555555 0.42584733274388453 0.8766666666666666 0.6777777777777778 
epoch12 0.26853003661180364 0.7762588014963192
0.9 0.9 1.0 1.0 0.8 1.0 0.7 0.89 0.8 1.0 0.8214285714285714 0.4431896551724138 0.5352941176470588 0.22619047619047622 0.56 0.625 0.7666666666666666 0.8809634809634809 0.7121463077984818 0.8766666666666666 0.8638888888888889 
epoch13 0.25542791444679785 0.8132331671882754
1.0 0.7 1.0 1.0 0.9 1.0 0.833888888888889 0.9 0.788888888888889 1.0 0.9727272727272727 0.6936507936507936 0.8 0.4208333333333333 0.5764354066985646 0.6557142857142857 0.7666666666666666 0.8766666666666666 0.6494117647058825 0.8366633366633366 0.7063492063492063 
epoch14 0.24297968555113364 0.8394829946864445
0.9 0.89 1.0 1.0 0.7 1.0 0.9588235294117647 0.89 0.935064935064935 1.0 0.9 0.990909090909091 0.8111111111111111 0.5716666666666667 0.6461779448621555 0.5857142857142856 0.8595959595959596 0.8914285714285713 0.6422222222222222 0.8814285714285713 0.575 
epoch15 0.22867068523550269 0.8508165142885641
1.0 0.9818181818181817 1.0 1.0 0.8 1.0 0.9476190476190476 0.8 0.9818181818181817 1.0 0.9190476190476189 0.8367307692307693 0.7 0.5899611801242236 0.6326923076923078 0.7206349206349206 0.7777777777777778 0.8969230769230768 0.5704444444444445 0.8554292929292928 0.8562500000000001 
epoch16 0.21052613902121342 0.8243405278972505
1.0 0.89 1.0 1.0 0.6 1.0 0.9625 0.788888888888889 0.88 1.0 0.9636363636363636 0.772087912087912 0.8562500000000001 0.5865336134453781 0.626750700280112 0.5 0.7777777777777778 0.8643578643578642 0.6107012987012987 0.8766666666666666 0.755 
epoch17 0.19923494359836202 0.8559990704839079
1.0 0.89 1.0 1.0 0.9 1.0 0.8169082125603865 0.89 0.88 1.0 0.9545454545454544 0.9833333333333334 0.8529411764705883 0.7166666666666666 0.6976190476190476 0.7477272727272728 0.7777777777777778 0.8869230769230768 0.4 0.82 0.7615384615384615 
epoch18 0.20046930672059504 0.8183493096662049
1.0 0.89 1.0 1.0 0.8 1.0 0.8140350877192982 0.89 0.88 1.0 0.9633333333333334 0.6875 0.7 0.6321428571428571 0.5766042780748664 0.5 0.6749999999999999 0.8914285714285713 0.5916666666666667 0.8766666666666666 0.816958041958042 
epoch19 0.18592191830717872 0.8508639661647183
1.0 0.89 1.0 1.0 0.8 1.0 0.9526315789473684 0.9 0.89 1.0 0.990909090909091 0.8938061938061937 0.8 0.5025641025641026 0.7769230769230769 0.5 0.6749999999999999 0.8869230769230768 0.7395337995337996 0.8698523698523697 0.8 
