epoch0 1.4709595830417146 0.041887232006540175
0.1547312271062271 0.0 0.24621212121212122 0.0 0.0 0.0 0.0 0.0 0.0 0.0 0.0 0.0030303030303030307 0.002702702702702703 0.0 0.0 0.129743075214104 0.16249999999999998 0.0 0.0 0.1807124428718856 0.0 
epoch1 0.9784715190237644 0.2564221383096095
0.4 0.0 0.3 0.30761904761904757 0.0 0.7602272727272728 0.0 0.39653700466200464 0.40522388059701486 0.0 0.0 0.0 0.0 0.0 0.21449635932394556 0.4081326781326781 0.5138047138047138 0.3876984126984127 0.37534517931619915 0.5350350140056024 0.38074534161490686 
epoch2 0.8237657342471328 0.4348833532227959
0.9769230769230769 0.4291666666666667 0.6 0.42222222222222217 0.1 0.8531746031746033 0.0 0.47619047619047616 0.42083333333333334 0.9533333333333334 0.4691666666666667 0.0 0.0 0.1 0.21666666666666667 0.20606060606060606 0.7175 0.6476190476190476 0.35787468550298207 0.5709380809380808 0.6148809523809524 
epoch3 0.7158404737710953 0.5770016879584221
0.89 0.815919701213819 0.9 0.4 0.8 0.9007815713698066 0.5443640965380097 0.788888888888889 0.6210719105455947 1.0 0.5352136752136752 0.20404040404040405 0.1 0.16666666666666669 0.3524469950581859 0.5 0.5085106382978724 0.7311111111111112 0.537506967670011 0.7205128205128205 0.1 
epoch4 0.6524272010314698 0.6120979571634618
0.9588235294117647 0.6977272727272728 1.0 0.45 0.5714285714285714 0.9733333333333334 0.25 0.8454545454545455 0.6834523809523809 1.0 0.5073863636363636 0.23316326530612247 0.5108333333333334 0.3111658249158249 0.3376519916142558 0.6258504128069344 0.7050000000000001 0.6996392496392496 0.3334779367918903 0.7094017094017094 0.4502673796791444 
epoch5 0.5904476473144457 0.6671920073591319
0.990909090909091 0.5583333333333333 1.0 0.575 0.788888888888889 0.89 0.325895875591616 0.8454545454545455 0.6318181818181818 1.0 0.7505050505050506 0.5859848484848484 0.4766666666666667 0.3983040935672515 0.43862781954887214 0.5 0.6925 0.7999125874125873 0.4053107118689459 0.6897435897435897 0.6671768707482993 
epoch6 0.5480719291988541 0.6947402988731833
0.990909090909091 0.7 1.0 0.8 0.824888888888889 0.9833333333333334 0.41785714285714287 0.7925641025641026 0.6101465201465202 1.0 0.6877882205513784 0.6804761904761905 0.25 0.48444444444444446 0.4736548269581057 0.4717948717948718 0.7041666666666666 0.8286435786435785 0.4949630541871921 0.7142857142857142 0.6796296296296296 
epoch7 0.5064080482458367 0.7291862813179125
0.9818181818181817 0.7 1.0 0.89 0.8562500000000001 0.9555555555555556 0.7779020979020979 0.6749999999999999 0.6326050420168067 1.0 0.6555555555555556 0.7027731092436974 0.4666666666666667 0.6783612040133781 0.5454722250345921 0.5082191780821917 0.7784722222222222 0.8234782608695652 0.43478260869565216 0.6916666666666667 0.5583333333333333 
epoch8 0.48108991060186834 0.7527896837519877
0.990909090909091 0.8942612942612942 1.0 0.6 0.78 0.9833333333333334 0.78432301438399 0.8484848484848484 0.6945054945054945 1.0 0.721933621933622 0.709666447764943 0.6699999999999999 0.5266414141414142 0.4691252587991719 0.5 0.7050000000000001 0.8699999999999999 0.4204811253561254 0.8012820512820513 0.8386363636363636 
epoch9 0.4471983232480638 0.6743392682403645
0.9 0.5114285714285713 1.0 0.8 0.6875 0.9833333333333334 0.4079824561403509 0.5 0.6493506493506493 1.0 0.5834599156118143 0.6946758671570702 0.18 0.5728843086737824 0.5931601731601732 0.5 0.7222222222222222 0.8566719829877724 0.47096252483711476 0.7864285714285715 0.7610640567162307 
epoch10 0.4216076622844911 0.7361263469799983
0.9 0.86 1.0 0.7723636363636364 0.732 1.0 0.757 0.755 0.6368421052631579 1.0 0.7555555555555555 0.740021901600849 0.6555555555555556 0.5545774882394601 0.4802308802308803 0.5 0.6865384615384615 0.8516594516594516 0.39297491723962313 0.7247619047619047 0.7035714285714285 
epoch11 0.40388965036939173 0.7577188346816109
0.990909090909091 0.8821428571428571 1.0 0.8 0.788888888888889 0.990909090909091 0.5478194103194104 0.8484848484848484 0.6699999999999999 1.0 0.6802901258020938 0.7282051282051283 0.806888888888889 0.5826704545454545 0.45766045199178634 0.5 0.7222222222222222 0.8570370370370369 0.6354700854700855 0.7464285714285714 0.6760683760683761 
epoch12 0.3797173581140883 0.7862222441163714
0.990909090909091 0.9714285714285714 1.0 0.7 0.8333333333333334 1.0 0.7942857142857143 0.7 0.6291666666666667 1.0 0.7282828282828283 0.696031746031746 0.915 0.6057919666540356 0.5719327731092437 0.6269298245614034 0.711111111111111 0.9033333333333333 0.5925318761384335 0.8012820512820513 0.7393162393162394 
epoch13 0.3577320702812251 0.7824476263596122
0.990909090909091 0.89 1.0 0.8 0.9 0.990909090909091 0.6619047619047619 0.8484848484848484 0.7366666666666667 1.0 0.8207142857142857 0.7047619047619047 0.7 0.6121794871794871 0.5994089945560533 0.5850877192982455 0.711111111111111 0.8584615384615384 0.673578431372549 0.725 0.6222222222222222 
epoch14 0.3437859724622731 0.7654214408071796
0.990909090909091 0.9669230769230769 1.0 0.9 0.8 1.0 0.6262421233963462 0.86 0.635 1.0 0.7777777777777778 0.792063492063492 0.7380952380952381 0.35140424590888986 0.46595109568793774 0.679531152485958 0.711111111111111 0.7612500000000001 0.536053391053391 0.7815384615384615 0.7000000000000001 
epoch15 0.34141043632053863 0.7719319592074414
0.990909090909091 0.89 1.0 0.9 0.732 1.0 0.8 0.8638888888888889 0.6777777777777778 1.0 0.7444444444444445 0.7187987012987013 0.788888888888889 0.5952348690153568 0.5255874316939891 0.5485507246376812 0.7222222222222222 0.8788235294117647 0.3760575167804084 0.7752136752136751 0.6821733821733822 
epoch16 0.3168727688345255 0.8241368393154108
0.990909090909091 0.95 1.0 0.8 0.9 1.0 0.8706349206349207 0.8 0.7333333333333334 1.0 0.8168831168831169 0.685064935064935 0.85 0.7673013923013923 0.6401709401709402 0.6 0.7444444444444445 0.8676190476190475 0.6147581585081585 0.8314685314685314 0.8442857142857143 
epoch17 0.3005137185328731 0.7971555986920736
1.0 0.86 1.0 0.9 0.9406417112299466 0.9588235294117647 0.8167252886002885 0.788888888888889 0.7230769230769232 1.0 0.76 0.7126872345182204 0.8 0.6195652173913043 0.46745512820512825 0.6581485587583149 0.625 0.8755555555555555 0.6175739957716703 0.8077922077922077 0.8083333333333332 
epoch18 0.2940617964109954 0.7957038329495082
1.0 1.0 1.0 0.8 0.9 0.990909090909091 0.7833041958041959 0.7666666666666666 0.7333333333333334 1.0 0.9094017094017093 0.7616279069767441 0.6875 0.6662225705329153 0.49977106227106227 0.5 0.7333333333333333 0.8866666666666666 0.5146153846153847 0.7464285714285714 0.83 
epoch19 0.2819669363545437 0.8347158103927294
0.990909090909091 0.990909090909091 1.0 0.990909090909091 0.788888888888889 1.0 0.7850928641251221 0.9 0.7251748251748251 1.0 0.9142968142968142 0.6499999999999999 0.9625 0.6041666666666667 0.622825406758448 0.6699999999999999 0.7444444444444445 0.8755555555555555 0.666735347985348 0.7938461538461539 0.8527777777777777 
