epoch0 1.431274818082161 0.04116899732406719
0.0 0.0 0.0 0.0 0.0 0.0 0.0 0.0 0.05648629996456084 0.0 0.0 0.0 0.0 0.0 0.0 0.2046545788901223 0.010465116279069767 0.03804506877377817 0.0 0.5548978798978799 0.0 
epoch1 0.9494670667671805 0.23321937886031763
0.0 0.59125 0.0 0.16666666666666669 0.0 0.7477272727272728 0.2578575125064689 0.0 0.2 0.7607142857142857 0.0 0.009273927392739273 0.0 0.21855465587044534 0.0004975124378109452 0.385392253136934 0.1 0.10952380952380952 0.5622186571598338 0.6104304029304028 0.1775 
epoch2 0.8016828044588342 0.3745289818655169
0.5114285714285713 0.7 0.6 0.38826950826950823 0.0 0.8101568825910932 0.0 0.30000000000000004 0.49447447447447446 0.9178030303030302 0.08000000000000002 0.0 0.17543859649122806 0.05 0.00036363636363636367 0.4034916417794671 0.6207792207792207 0.33978021978021977 0.42674343200658993 0.6845495680789799 0.3618298368298368 
epoch3 0.6875346991522558 0.5240376281563881
0.7 0.2 0.7 0.5833333333333334 0.5666666666666667 0.9566666666666667 0.0 0.7509175236942931 0.6499999999999999 0.89 0.7543363271130966 0.004545454545454546 0.0 0.5633333333333332 0.3389582380236586 0.4 0.5083333333333333 0.5 0.5676993145743146 0.8599999999999999 0.51 
epoch4 0.6119374873602919 0.5761767825573308
0.913888888888889 0.9 0.9 0.1 0.6777777777777778 0.8 0.0 0.6 0.6 0.990909090909091 0.6386363636363637 0.27737843551797037 0.09895833333333334 0.6590645010254482 0.36686730359386166 0.3666666666666667 0.7050000000000001 0.721904761904762 0.3341821219715957 0.8089177489177489 0.6395604395604395 
epoch5 0.5550135304334716 0.6961754181081913
0.9714285714285714 0.9 1.0 0.87 0.7490384615384615 0.9769230769230769 0.41824561403508764 0.8084615384615385 0.6 0.990909090909091 0.8854901960784313 0.1 0.6333333333333333 0.40961538461538466 0.47765151515151516 0.5 0.7050000000000001 0.8136363636363637 0.3923232323232323 0.8492063492063491 0.5684210526315789 
epoch6 0.5059831400076157 0.7122807428418036
0.89 1.0 1.0 0.5 0.9 0.990909090909091 0.7550729442970822 0.8 0.7 1.0 0.755 0.6370743145743145 0.3 0.43333333333333335 0.4269379844961241 0.5 0.7102272727272727 0.7805555555555557 0.32976190476190476 0.8363247863247862 0.7126984126984127 
epoch7 0.45757867784922934 0.7417133511050833
0.7 0.7 1.0 0.826388888888889 0.89 0.9833333333333334 0.6349206349206349 0.875 0.8149475524475523 0.990909090909091 0.795625 0.4872807017543859 0.6057601222307105 0.5043161587232609 0.6472222222222223 0.5 0.7041666666666666 0.9818181818181817 0.5551709401709403 0.8791208791208791 0.5 
epoch8 0.4204512526983111 0.7831399987025843
1.0 1.0 1.0 0.9 0.7444444444444445 0.990909090909091 0.8414141414141414 0.87 0.7 1.0 0.8 0.7562979189485214 0.7893627733026467 0.5628647214854111 0.4978546479320473 0.5 0.6916666666666667 0.8294584500466853 0.25247519841269844 0.9303030303030303 0.788888888888889 
epoch9 0.3980972334522332 0.757405293161977
0.9 0.9 1.0 1.0 0.89 1.0 0.4996934865900383 0.8707070707070708 0.62 1.0 0.9514285714285714 0.5683540144066459 0.6 0.5736363636363636 0.5848575523575524 0.5 0.592063492063492 0.885086155674391 0.41640522875816993 0.8975649350649351 0.6557142857142857 
epoch10 0.36285019779733835 0.7811637047583053
1.0 0.9 1.0 0.9 0.8236842105263158 1.0 0.8244827586206895 0.788888888888889 0.6915847310584152 1.0 0.9027777777777777 0.7015151515151515 0.6777777777777778 0.645 0.63 0.5 0.6499999999999999 0.7816666666666667 0.42678511181800655 0.8852747252747252 0.6749999999999999 
epoch11 0.3373474436146872 0.8170600135458421
1.0 1.0 1.0 1.0 0.7296052631578948 1.0 0.8681871345029238 0.9 0.6875 0.990909090909091 0.875 0.5547507393122721 0.9666666666666667 0.6890350877192983 0.6008333333333333 0.5813636363636363 0.6925 0.8757066462948816 0.48936507936507934 0.867948717948718 0.788888888888889 
epoch12 0.32137070295258696 0.8211311337359546
0.990909090909091 0.9 1.0 0.9833333333333334 0.88 1.0 0.9833333333333334 0.76 0.7777777777777778 0.990909090909091 0.8527777777777777 0.7828571428571428 0.87 0.6245098039215686 0.6513333333333333 0.5666666666666667 0.7102272727272727 0.9142968142968142 0.45517202096149467 0.8496503496503496 0.7 
epoch13 0.30045227684410925 0.8020092685805095
0.8 0.9 1.0 0.9 0.8 1.0 0.9625 0.6875 0.8261363636363637 0.990909090909091 0.8638888888888889 0.7718965799378169 0.9727272727272727 0.4777811335950871 0.6678932178932179 0.6138461538461538 0.6207792207792207 0.9042780748663102 0.5324082934609251 0.8496503496503496 0.7 
epoch14 0.281837081821094 0.8055778979553487
0.9 1.0 1.0 0.9 0.6 1.0 0.990909090909091 0.8595959595959596 0.8454545454545455 1.0 0.9168831168831169 0.7427884615384616 0.4714285714285714 0.7927272727272726 0.6437433155080213 0.5857142857142856 0.6375 0.9266666666666666 0.5370579039696686 0.8666666666666667 0.7 
epoch15 0.26106018217032767 0.8367056079551513
1.0 0.990909090909091 1.0 1.0 0.89 1.0 0.8692307692307693 0.89 0.9636363636363636 0.990909090909091 0.8595959595959596 0.6885714285714286 0.88 0.6076604554865425 0.6678985507246377 0.6272727272727272 0.7050000000000001 0.9042780748663102 0.4043867243867244 0.8314685314685314 0.8 
epoch16 0.2502807157453645 0.8251717035603688
1.0 1.0 1.0 1.0 0.9 1.0 0.8374999999999999 0.89 0.7777777777777778 0.990909090909091 0.8818181818181818 0.7475974025974027 0.9818181818181817 0.5295454545454545 0.6326760563380281 0.5 0.711111111111111 0.9333333333333333 0.40768157768157764 0.8179487179487179 0.788888888888889 
epoch17 0.23363814220346255 0.8527682970746879
1.0 1.0 1.0 1.0 0.89 1.0 1.0 0.9 0.87 1.0 0.9194444444444444 0.7777777777777778 0.9 0.7181476418318524 0.5956363636363636 0.6749999999999999 0.711111111111111 0.9533333333333334 0.4195075757575757 0.8179487179487179 0.7602272727272728 
epoch18 0.2290254527785508 0.8302828254631794
1.0 1.0 1.0 1.0 0.9 1.0 1.0 0.8707070707070708 0.8917391304347826 1.0 0.8707070707070708 0.7314285714285714 0.9 0.39142857142857146 0.6276190476190475 0.47843137254901963 0.711111111111111 0.95 0.5067844827586206 0.8666666666666667 0.7393162393162394 
epoch19 0.21622152788004853 0.8540200351054691
1.0 1.0 1.0 1.0 0.9 1.0 0.8707070707070707 0.9 0.88 1.0 0.89 0.7668831168831169 1.0 0.5887254901960784 0.6844708994708995 0.6749999999999999 0.7333333333333333 0.9254079254079253 0.5217577030812325 0.8314685314685314 0.7666666666666666 
