epoch0 1.382508303604874 0.06371014841308953
0.0 0.0 0.0 0.15714285714285714 0.1366734157134508 0.0 0.0 0.25569444444444445 0.0 0.025 0.0 0.0 0.0 0.03333333333333333 0.0 0.3578007518796993 0.2142857142857143 0.0 0.0 0.13100205810961382 0.026980541765766915 
epoch1 0.9157036560423234 0.22863103932646858
0.0 0.0 0.8374999999999999 0.0 0.20686813186813185 0.25 0.0 0.39807692307692305 0.4 0.633968253968254 0.0 0.0058823529411764705 0.08719806763285023 0.208432039787972 0.0 0.23750000000000002 0.36340579710144927 0.5350253014958898 0.0 0.6373949579831933 0.0 
epoch2 0.7686389440707132 0.4049654512943758
0.34904761904761905 0.5128205128205128 0.4666666666666667 0.0 0.5597619047619048 0.78 0.0 0.6447552447552447 0.3666666666666667 0.6252525252525253 0.47216871623951273 0.014285714285714285 0.05 0.38 0.005263157894736842 0.24093114241001565 0.6414285714285713 0.6729350957572373 0.5247552447552447 0.790250626566416 0.4072850678733032 
epoch3 0.6763663996084064 0.5611211296225301
0.78 0.9 0.8 0.5 0.05 0.8 0.43 0.7891666666666667 0.7684173669467788 0.89 0.2 0.3272727272727272 0.07115384615384615 0.292053872053872 0.3499389499389499 0.45666666666666667 0.6283333333333333 0.7000000000000001 0.6890873015873016 0.7647863247863249 0.5966666666666667 
epoch4 0.5882624964795861 0.6167731606312168
0.8418300653594772 0.6538461538461537 1.0 0.2 0.7754789272030651 0.9818181818181817 0.6771701982228298 0.82 0.719047619047619 0.89 0.13333333333333333 0.3396055437100214 0.16666666666666669 0.2863636363636364 0.33095238095238094 0.5818181818181818 0.7362193362193362 0.6597402597402597 0.7151298892678202 0.7468065268065268 0.6964094728800612 
epoch5 0.5308537976998909 0.6435222214335038
0.8 0.990909090909091 1.0 0.8707070707070708 0.5 0.9 0.4872549019607843 0.5 0.7550505050505051 0.9 0.15000000000000002 0.20652173913043478 0.35945945945945945 0.5930916805017524 0.3967414600248702 0.4074626865671642 0.7505050505050506 0.8259740259740259 0.6187804878048782 0.8740259740259739 0.6274825174825175 
epoch6 0.4750877171024388 0.6833109458476341
0.8818181818181818 0.9 1.0 0.4111111111111111 0.86 0.990909090909091 0.5907566346696781 0.88 0.5857142857142856 0.9 0.6872268907563026 0.5 0.2 0.4986538461538461 0.5178571428571429 0.4 0.6777777777777778 0.8170454545454545 0.6460788733962316 0.7923076923076923 0.6122728807835192 
epoch7 0.4432613236062667 0.7636181947121782
0.8692307692307693 0.9 1.0 0.990909090909091 0.8 0.990909090909091 0.35714285714285715 0.8 0.7505050505050506 0.990909090909091 0.5 0.4969936578535541 0.8316666666666668 0.6490046296296297 0.42212201591511944 0.5666666666666667 0.8026666666666666 0.9033333333333333 0.8354143441099963 0.8615384615384615 0.716969696969697 
epoch8 0.3917446430115139 0.7629543665002149
0.9833333333333334 1.0 1.0 0.8 0.9 0.990909090909091 0.11176470588235295 0.89 0.7546066252587992 0.9 0.7015384615384616 0.7275475812846947 0.7 0.625 0.40689234784823025 0.6133333333333333 0.7666666666666666 0.9363636363636363 0.6321803196803197 0.8682692307692307 0.7136363636363636 
epoch9 0.3764420572449179 0.7846479877233373
1.0 0.9 1.0 0.9 0.9 1.0 0.79 0.8 0.6 1.0 0.8987012987012987 0.7715322580645162 0.5545454545454546 0.6417032967032967 0.47300245098039223 0.5 0.8012820512820512 0.8904761904761904 0.5985216041819815 0.8499999999999999 0.6078431372549019 
epoch10 0.3333372152684366 0.7965585445987047
1.0 0.8 1.0 1.0 0.788888888888889 1.0 0.8166666666666667 0.89 0.5663292847503374 1.0 0.895554298642534 0.86 0.54 0.6167794221282594 0.6347069225568212 0.6557142857142857 0.755 0.8969230769230768 0.5993244850387709 0.8499999999999999 0.5618421052631579 
epoch11 0.30941998469186766 0.8025870342562891
1.0 1.0 1.0 1.0 0.9 0.8 0.7077251552795031 0.8 0.6749999999999999 1.0 0.990909090909091 0.9666666666666667 0.7 0.55 0.5715909090909091 0.5 0.7425 0.9272727272727272 0.6355128205128205 0.8496503496503496 0.5375 
epoch12 0.2897691935958231 0.8141215825653975
1.0 0.9636363636363636 1.0 1.0 0.9 1.0 0.6714285714285715 0.9 0.6777777777777778 1.0 0.9633333333333334 0.9625 0.7 0.7890350877192983 0.48673202614379085 0.6557142857142857 0.7977011494252872 0.918181818181818 0.3333333333333333 0.8438461538461538 0.5333333333333333 
epoch13 0.26640854348592896 0.8333062654874132
1.0 1.0 1.0 1.0 0.9 1.0 0.8490338164251208 0.9 0.9454545454545453 1.0 0.9433333333333334 0.9305555555555556 0.5 0.4425 0.7163989290495315 0.6333333333333333 0.7666666666666666 0.918181818181818 0.7373069105691058 0.8499999999999999 0.4666666666666667 
epoch14 0.2654537121747054 0.8114540169671974
1.0 1.0 1.0 1.0 0.8 1.0 0.8259755960413856 0.88 0.8386363636363636 1.0 0.9280594405594405 0.8899923605805959 0.5 0.6766666666666666 0.5004025974025974 0.49542857142857144 0.7555555555555555 0.909090909090909 0.6414081135308756 0.8588461538461538 0.540472027972028 
epoch15 0.23935494725318515 0.8206187027626657
1.0 1.0 1.0 1.0 0.9 1.0 0.6723335488041371 0.9 0.6875 1.0 0.9636363636363636 0.8420634920634921 0.6 0.7533621933621933 0.5609514170040486 0.5 0.7777777777777778 0.9272727272727272 0.5771428571428572 0.8476190476190475 0.7233333333333334 
epoch16 0.23022454305022372 0.7942071798845198
1.0 1.0 1.0 1.0 0.8 1.0 0.6953568270809649 0.9 0.6875 1.0 0.9714285714285714 0.8581196581196582 0.6 0.44642857142857145 0.5210389610389611 0.55 0.6875 0.9333333333333333 0.5657400932400932 0.8619047619047617 0.6 
epoch17 0.21181900618488297 0.8243727912299341
1.0 1.0 1.0 1.0 0.8 1.0 0.8803418803418803 0.9 0.6777777777777778 1.0 0.7777777777777778 0.8758352758352758 0.990909090909091 0.33214285714285713 0.5825757575757575 0.6749999999999999 0.7314285714285714 0.909090909090909 0.5810000000000001 0.8179487179487179 0.78 
epoch18 0.2103941505957468 0.8172444883159168
1.0 0.990909090909091 1.0 1.0 0.8 1.0 0.7840384615384615 0.9 0.87 1.0 0.9514285714285714 0.8227272727272728 0.7 0.275 0.7000000000000001 0.6634920634920635 0.7964646464646464 0.8814285714285713 0.5505772005772006 0.876068376068376 0.6 
epoch19 0.20065084578213738 0.844397676359374
1.0 1.0 1.0 1.0 0.8 1.0 0.9769230769230769 0.9 0.8511363636363636 1.0 1.0 0.927037037037037 0.9 0.4414285714285714 0.7448717948717948 0.5 0.7555555555555555 0.918181818181818 0.6127647714604236 0.7938461538461539 0.6106060606060606 
